mass_A
t	x	y
0,000000000E0	3,290761150E-1	5,851096344E-1
1,000000000E-2	3,293962583E-1	5,849661167E-1
2,000000000E-2	3,313100209E-1	5,838275123E-1
3,000000000E-2	3,332343858E-1	5,818325500E-1
4,000000000E-2	3,357968893E-1	5,802942609E-1
5,000000000E-2	3,397928074E-1	5,765625907E-1
6,000000000E-2	3,427751747E-1	5,733548930E-1
7,000000000E-2	3,462410935E-1	5,699138583E-1
8,000000000E-2	3,503910871E-1	5,663583682E-1
9,000000000E-2	3,547999547E-1	5,624040482E-1
1,000000000E-1	3,594045488E-1	5,581636772E-1
1,100000000E-1	3,644244788E-1	5,534563013E-1
1,200000000E-1	3,696556804E-1	5,483616474E-1
1,300000000E-1	3,751873185E-1	5,434203936E-1
1,400000000E-1	3,810860383E-1	5,379670955E-1
1,500000000E-1	3,873687530E-1	5,322051229E-1
1,600000000E-1	3,939188750E-1	5,260902417E-1
1,700000000E-1	4,010648848E-1	5,198318836E-1
1,800000000E-1	4,088021543E-1	5,130235868E-1
1,900000000E-1	4,165813143E-1	5,059652986E-1
2,000000000E-1	4,246198264E-1	4,987110165E-1
2,100000000E-1	4,332562558E-1	4,911640818E-1
2,200000000E-1	4,423054282E-1	4,834407103E-1
2,300000000E-1	4,512765945E-1	4,750084927E-1
2,400000000E-1	4,611853568E-1	4,666804699E-1
2,500000000E-1	4,707445852E-1	4,581351619E-1
2,600000000E-1	4,810571617E-1	4,495144785E-1
2,700000000E-1	4,916967320E-1	4,407434970E-1
2,800000000E-1	5,026198281E-1	4,320485827E-1
2,900000000E-1	5,135829410E-1	4,234695283E-1
3,000000000E-1	5,257603063E-1	4,150145621E-1
3,100000000E-1	5,370909215E-1	4,053912291E-1
3,200000000E-1	5,496603299E-1	3,964002789E-1
3,300000000E-1	5,621601202E-1	3,880230904E-1
3,400000000E-1	5,747838776E-1	3,800489570E-1
3,500000000E-1	5,885557202E-1	3,716564737E-1
3,600000000E-1	6,027702581E-1	3,635093857E-1
3,700000000E-1	6,169010189E-1	3,558205403E-1
3,800000000E-1	6,318607048E-1	3,483116864E-1
3,900000000E-1	6,462443717E-1	3,408356043E-1
4,000000000E-1	6,609038418E-1	3,339534679E-1
4,100000000E-1	6,759687607E-1	3,269325114E-1
4,200000000E-1	6,910239501E-1	3,198732786E-1
4,300000000E-1	7,057715892E-1	3,136540888E-1
4,400000000E-1	7,213666047E-1	3,072628966E-1
4,500000000E-1	7,369676446E-1	2,996172287E-1
4,600000000E-1	7,522368298E-1	2,936508806E-1
4,700000000E-1	7,677384461E-1	2,877318405E-1
4,800000000E-1	7,842826255E-1	2,820107330E-1
4,900000000E-1	8,006165194E-1	2,768463483E-1
5,000000000E-1	8,168283976E-1	2,718984118E-1
5,100000000E-1	8,331632512E-1	2,670811380E-1
5,200000000E-1	8,490054201E-1	2,625870761E-1
5,300000000E-1	8,646634123E-1	2,584329413E-1
5,400000000E-1	8,810346030E-1	2,545945450E-1
5,500000000E-1	8,973404032E-1	2,527121299E-1
5,600000000E-1	9,135085703E-1	2,483384651E-1
5,700000000E-1	9,299143465E-1	2,448348227E-1
5,800000000E-1	9,460865110E-1	2,417823019E-1
5,900000000E-1	9,618429704E-1	2,386321674E-1
6,000000000E-1	9,780737250E-1	2,356846455E-1
6,100000000E-1	9,952054604E-1	2,328924359E-1
6,200000000E-1	1,012221209E0	2,302813529E-1
6,300000000E-1	1,028980370E0	2,280263443E-1
6,400000000E-1	1,045477259E0	2,262248426E-1
6,500000000E-1	1,061556279E0	2,241487087E-1
6,600000000E-1	1,078390545E0	2,224153141E-1
6,700000000E-1	1,094907787E0	2,224385045E-1
6,800000000E-1	1,111675877E0	2,200481656E-1
6,900000000E-1	1,128684819E0	2,190705939E-1
7,000000000E-1	1,145604134E0	2,182245340E-1
7,100000000E-1	1,162386441E0	2,175410129E-1
7,200000000E-1	1,179390991E0	2,172606528E-1
7,300000000E-1	1,196480005E0	2,173834941E-1
7,400000000E-1	1,213289699E0	2,177517678E-1
7,500000000E-1	1,229350121E0	2,189877415E-1
7,600000000E-1	1,245307881E0	2,198977527E-1
7,700000000E-1	1,262078656E0	2,216617911E-1
7,800000000E-1	1,278131694E0	2,239160581E-1
7,900000000E-1	1,294424806E0	2,258250450E-1
8,000000000E-1	1,310096985E0	2,280066991E-1
8,100000000E-1	1,325611692E0	2,310302605E-1
8,200000000E-1	1,340977146E0	2,343517238E-1
8,300000000E-1	1,356419353E0	2,374070238E-1
8,400000000E-1	1,371812418E0	2,408735654E-1
8,500000000E-1	1,386816038E0	2,447536494E-1
8,600000000E-1	1,401695232E0	2,488439517E-1
8,700000000E-1	1,415607052E0	2,526756806E-1
8,800000000E-1	1,429525761E0	2,564573884E-1
8,900000000E-1	1,443430494E0	2,611371883E-1
9,000000000E-1	1,457825529E0	2,656161833E-1
9,100000000E-1	1,471363840E0	2,708022780E-1
9,200000000E-1	1,484693694E0	2,747320913E-1
9,300000000E-1	1,497810977E0	2,795134579E-1
9,400000000E-1	1,510506927E0	2,839261621E-1
9,500000000E-1	1,522710119E0	2,885728610E-1
9,600000000E-1	1,534811865E0	2,931632814E-1
9,700000000E-1	1,547047531E0	2,981248399E-1
9,800000000E-1	1,559082978E0	3,030447822E-1
9,900000000E-1	1,570652249E0	3,081083900E-1
1,000000000E0	1,581987832E0	3,125754614E-1
1,010000000E0	1,593110114E0	3,173988450E-1
1,020000000E0	1,603869881E0	3,221609088E-1
1,030000000E0	1,614254303E0	3,265741338E-1
1,040000000E0	1,624460196E0	3,311892003E-1
1,050000000E0	1,634137963E0	3,351697235E-1
1,060000000E0	1,644053649E0	3,399864004E-1
1,070000000E0	1,653227897E0	3,448680010E-1
1,080000000E0	1,662458872E0	3,496350267E-1
