mass_A
t	x	y
0,000000000E0	3,122293343E-1	5,904773976E-1
1,000000000E-2	3,123497056E-1	5,904424839E-1
2,000000000E-2	3,126659176E-1	5,904298306E-1
3,000000000E-2	3,132047768E-1	5,903909177E-1
4,000000000E-2	3,137962690E-1	5,903424013E-1
5,000000000E-2	3,143567008E-1	5,903096873E-1
6,000000000E-2	3,149308858E-1	5,902189656E-1
7,000000000E-2	3,157373249E-1	5,901438999E-1
8,000000000E-2	3,166134654E-1	5,899454315E-1
9,000000000E-2	3,179102040E-1	5,898774924E-1
1,000000000E-1	3,190102105E-1	5,897602345E-1
1,100000000E-1	3,203865955E-1	5,895786819E-1
1,200000000E-1	3,216018780E-1	5,890976659E-1
1,300000000E-1	3,231052281E-1	5,887958265E-1
1,400000000E-1	3,247637382E-1	5,883780392E-1
1,500000000E-1	3,265887555E-1	5,879777745E-1
1,600000000E-1	3,281646181E-1	5,875839470E-1
1,700000000E-1	3,303058601E-1	5,874025113E-1
1,800000000E-1	3,323522806E-1	5,871191931E-1
1,900000000E-1	3,347425270E-1	5,865650451E-1
2,000000000E-1	3,369589296E-1	5,860210084E-1
2,100000000E-1	3,395838909E-1	5,858344745E-1
2,200000000E-1	3,416971065E-1	5,856191825E-1
2,300000000E-1	3,444310140E-1	5,851485692E-1
2,400000000E-1	3,473398610E-1	5,847047775E-1
2,500000000E-1	3,499797287E-1	5,843690736E-1
2,600000000E-1	3,524370702E-1	5,841342385E-1
2,700000000E-1	3,553475156E-1	5,834920198E-1
2,800000000E-1	3,583152320E-1	5,828601326E-1
2,900000000E-1	3,613195236E-1	5,826319432E-1
3,000000000E-1	3,644373693E-1	5,818608098E-1
3,100000000E-1	3,674858205E-1	5,812897954E-1
3,200000000E-1	3,706340715E-1	5,810098896E-1
3,300000000E-1	3,739076048E-1	5,801802148E-1
3,400000000E-1	3,770637240E-1	5,796918871E-1
3,500000000E-1	3,805933146E-1	5,792813452E-1
3,600000000E-1	3,843800234E-1	5,784207015E-1
3,700000000E-1	3,879177525E-1	5,781319227E-1
3,800000000E-1	3,918099398E-1	5,775296103E-1
3,900000000E-1	3,953762289E-1	5,768307044E-1
4,000000000E-1	3,995480794E-1	5,765023441E-1
4,100000000E-1	4,034214562E-1	5,757019302E-1
4,200000000E-1	4,073511171E-1	5,750936982E-1
4,300000000E-1	4,111387910E-1	5,745476296E-1
4,400000000E-1	4,152937759E-1	5,737512939E-1
4,500000000E-1	4,195652454E-1	5,731948643E-1
4,600000000E-1	4,240621568E-1	5,722523112E-1
4,700000000E-1	4,286639600E-1	5,718256707E-1
4,800000000E-1	4,333774953E-1	5,708055228E-1
4,900000000E-1	4,379879003E-1	5,703237583E-1
5,000000000E-1	4,426626538E-1	5,692141060E-1
5,100000000E-1	4,473411855E-1	5,687417499E-1
5,200000000E-1	4,521001629E-1	5,676844082E-1
5,300000000E-1	4,567943041E-1	5,671828058E-1
5,400000000E-1	4,616143087E-1	5,661973615E-1
5,500000000E-1	4,664642565E-1	5,656556355E-1
5,600000000E-1	4,717241197E-1	5,645083746E-1
5,700000000E-1	4,767178111E-1	5,636147018E-1
5,800000000E-1	4,817203799E-1	5,628890366E-1
5,900000000E-1	4,870223327E-1	5,626102088E-1
6,000000000E-1	4,919503546E-1	5,622627315E-1
6,100000000E-1	4,975511032E-1	5,623704378E-1
6,200000000E-1	5,039848594E-1	5,622412996E-1
6,300000000E-1	5,098130004E-1	5,611208259E-1
6,400000000E-1	5,155163649E-1	5,596976159E-1
6,500000000E-1	5,212025835E-1	5,582158193E-1
6,600000000E-1	5,272863465E-1	5,571301011E-1
6,700000000E-1	5,333678976E-1	5,562792425E-1
6,800000000E-1	5,396108045E-1	5,551620285E-1
6,900000000E-1	5,457730858E-1	5,538401357E-1
7,000000000E-1	5,520076725E-1	5,529245784E-1
7,100000000E-1	5,582566940E-1	5,519697433E-1
7,200000000E-1	5,645790645E-1	5,506189540E-1
7,300000000E-1	5,713072091E-1	5,492904175E-1
7,400000000E-1	5,778891189E-1	5,483164720E-1
7,500000000E-1	5,844205958E-1	5,473316154E-1
7,600000000E-1	5,914885554E-1	5,460206843E-1
7,700000000E-1	5,983170891E-1	5,447657076E-1
7,800000000E-1	6,054679617E-1	5,434600054E-1
7,900000000E-1	6,123769214E-1	5,423594982E-1
8,000000000E-1	6,194793553E-1	5,411848324E-1
8,100000000E-1	6,269454127E-1	5,398263817E-1
8,200000000E-1	6,343871996E-1	5,385259714E-1
8,300000000E-1	6,418063138E-1	5,373740257E-1
8,400000000E-1	6,490842849E-1	5,364285854E-1
8,500000000E-1	6,564128716E-1	5,351983110E-1
8,600000000E-1	6,639107372E-1	5,338707648E-1
8,700000000E-1	6,714787085E-1	5,324670392E-1
8,800000000E-1	6,791116157E-1	5,311474849E-1
8,900000000E-1	6,868418644E-1	5,304349410E-1
9,000000000E-1	6,945657138E-1	5,305542457E-1
9,100000000E-1	7,034100550E-1	5,294077260E-1
9,200000000E-1	7,111797216E-1	5,271210238E-1
9,300000000E-1	7,191441249E-1	5,253652084E-1
9,400000000E-1	7,274046063E-1	5,242038147E-1
9,500000000E-1	7,356574320E-1	5,227322873E-1
9,600000000E-1	7,439052658E-1	5,212397633E-1
9,700000000E-1	7,523590076E-1	5,197495694E-1
9,800000000E-1	7,608576707E-1	5,183373661E-1
9,900000000E-1	7,695430713E-1	5,167685609E-1
1,000000000E0	7,781278314E-1	5,152266571E-1
1,010000000E0	7,868342583E-1	5,136097256E-1
1,020000000E0	7,959237335E-1	5,119078453E-1
1,030000000E0	8,050549457E-1	5,104626009E-1
1,040000000E0	8,142150453E-1	5,088966332E-1
1,050000000E0	8,234184688E-1	5,074120818E-1
1,060000000E0	8,325610229E-1	5,059036759E-1
1,070000000E0	8,417465005E-1	5,043844503E-1
1,080000000E0	8,510760168E-1	5,028082849E-1
1,090000000E0	8,603490904E-1	5,011888322E-1
1,100000000E0	8,697857696E-1	4,996718865E-1
1,110000000E0	8,791410799E-1	4,981013623E-1
1,120000000E0	8,884011144E-1	4,969621400E-1
1,130000000E0	8,980708889E-1	4,963119110E-1
1,140000000E0	9,080004623E-1	4,935812073E-1
1,150000000E0	9,175870052E-1	4,915754116E-1
1,160000000E0	9,278462222E-1	4,894952524E-1
1,170000000E0	9,375488147E-1	4,876305329E-1
1,180000000E0	9,476384812E-1	4,858543414E-1
1,190000000E0	9,576971423E-1	4,841188560E-1
1,200000000E0	9,681197503E-1	4,819805291E-1
1,210000000E0	9,786847186E-1	4,797998050E-1
1,220000000E0	9,890942654E-1	4,780022281E-1
1,230000000E0	9,997052348E-1	4,760917925E-1
1,240000000E0	1,010821741E0	4,742382458E-1
1,250000000E0	1,021503110E0	4,722866402E-1
1,260000000E0	1,032206937E0	4,704767133E-1
1,270000000E0	1,042925263E0	4,688384828E-1
1,280000000E0	1,053816862E0	4,668623026E-1
1,290000000E0	1,064742807E0	4,649507434E-1
1,300000000E0	1,075688192E0	4,629732705E-1
1,310000000E0	1,086466118E0	4,613077576E-1
1,320000000E0	1,097943260E0	4,600599332E-1
1,330000000E0	1,108933934E0	4,570326592E-1
1,340000000E0	1,120157976E0	4,551705644E-1
1,350000000E0	1,131365021E0	4,531060891E-1
1,360000000E0	1,142901345E0	4,508255526E-1
1,370000000E0	1,154090172E0	4,488423989E-1
1,380000000E0	1,165875500E0	4,464967347E-1
1,390000000E0	1,177522262E0	4,442674081E-1
1,400000000E0	1,189452219E0	4,418671521E-1
1,410000000E0	1,201480594E0	4,397414094E-1
1,420000000E0	1,213483012E0	4,376042685E-1
1,430000000E0	1,225243548E0	4,354356010E-1
1,440000000E0	1,236942434E0	4,335339082E-1
1,450000000E0	1,249176500E0	4,310621240E-1
1,460000000E0	1,261246194E0	4,289584819E-1
1,470000000E0	1,273422408E0	4,264386997E-1
1,480000000E0	1,285576005E0	4,249493635E-1
1,490000000E0	1,298625553E0	4,222206734E-1
1,500000000E0	1,310711058E0	4,191654132E-1
1,510000000E0	1,323010963E0	4,167294874E-1
1,520000000E0	1,335324865E0	4,141675066E-1
1,530000000E0	1,347766697E0	4,118800739E-1
1,540000000E0	1,360935635E0	4,091670650E-1
1,550000000E0	1,374220654E0	4,066052789E-1
1,560000000E0	1,387035205E0	4,043782764E-1
1,570000000E0	1,399890835E0	4,023799848E-1
1,580000000E0	1,413115265E0	4,000438423E-1
1,590000000E0	1,426003067E0	3,980469211E-1
1,600000000E0	1,439175091E0	3,955425439E-1
1,610000000E0	1,452112112E0	3,935324088E-1
1,620000000E0	1,465590174E0	3,910483263E-1
1,630000000E0	1,478648035E0	3,892775534E-1
1,640000000E0	1,492797684E0	3,864766392E-1
1,650000000E0	1,505986805E0	3,833619772E-1
1,660000000E0	1,519537280E0	3,807577998E-1
1,670000000E0	1,532881091E0	3,781817050E-1
1,680000000E0	1,546927170E0	3,752696368E-1
1,690000000E0	1,561310273E0	3,724333651E-1
1,700000000E0	1,575620872E0	3,698320245E-1
1,710000000E0	1,589181898E0	3,675747660E-1
1,720000000E0	1,603140809E0	3,649313800E-1
1,730000000E0	1,616832621E0	3,626994303E-1
1,740000000E0	1,631223630E0	3,601120901E-1
1,750000000E0	1,645602034E0	3,574885249E-1
1,760000000E0	1,659405589E0	3,547493361E-1
